1.2449757 -0.42059028 0.35911867 0.088289544 0.17714885 -0.6054054 -0.48878637 -0.009227637 0.0051424652 -1.0376618 0.52042496 0.7682072
1.2376113 -0.4189465 0.36364952 0.08692835 0.16501811 -0.6075426 -0.48800167 -0.008719595 0.0056868736 -1.0396543 0.5207569 0.76818633
1.2286066 -0.4156332 0.36723354 0.08773403 0.15794161 -0.6105239 -0.4873904 -0.008289602 0.006131636 -1.043066 0.52157086 0.76777947
1.2185373 -0.41165096 0.37290373 0.08870432 0.1522904 -0.61409014 -0.48665813 -0.007833377 0.006554831 -1.0464143 0.5224672 0.7678499
1.2093244 -0.40750945 0.3787978 0.092510715 0.14745408 -0.61709046 -0.48592728 -0.0073849848 0.006965885 -1.0511317 0.52283305 0.767262
1.2010249 -0.40292895 0.38749138 0.095302165 0.13759494 -0.6200723 -0.4850691 -0.0067669926 0.007439049 -1.0566815 0.52164453 0.7665459
1.1941719 -0.39675492 0.39790514 0.0972334 0.12493605 -0.62029815 -0.48410308 -0.006125477 0.007817322 -1.0629756 0.5186804 0.7653568
1.1866205 -0.391393 0.40900195 0.09880215 0.11129306 -0.62107474 -0.4829788 -0.005461189 0.008267717 -1.0688074 0.5150999 0.7644344
1.1792891 -0.3864103 0.42099014 0.10143311 0.09782528 -0.622268 -0.48197278 -0.004817239 0.008639516 -1.0738522 0.5112208 0.7628886
1.1729057 -0.37899792 0.43728438 0.10707471 0.08682482 -0.62541616 -0.4810459 -0.00413109 0.008990148 -1.0780126 0.5068484 0.76144254
1.1657017 -0.3715946 0.45123115 0.10890812 0.07472461 -0.6274729 -0.4801551 -0.003439708 0.00921447 -1.0808972 0.5005945 0.75983465
1.1584423 -0.36513525 0.46591362 0.10687257 0.06322666 -0.6294357 -0.47928408 -0.002793101 0.00948097 -1.0834985 0.49449715 0.7575915
1.1523023 -0.35862178 0.47972476 0.10451923 0.053256974 -0.6299788 -0.47848207 -0.0021875252 0.009727547 -1.0863876 0.48906437 0.75547814
1.1474547 -0.35172772 0.4953523 0.1029432 0.04609187 -0.631658 -0.47775435 -0.0016468179 0.009901138 -1.090434 0.48409757 0.75405145
1.1433058 -0.34647095 0.50848544 0.10215917 0.04095357 -0.63223714 -0.47730413 -0.0012514398 0.009948464 -1.0917608 0.47984955 0.753239
1.1394254 -0.34132594 0.522095 0.10109235 0.033912495 -0.63283914 -0.47696885 -0.0009093175 0.009790892 -1.0924389 0.47437397 0.75187385
1.1345677 -0.33800608 0.53548247 0.09946561 0.026304789 -0.63225514 -0.47662985 -0.00064057787 0.009639291 -1.0950726 0.46832737 0.75095856
1.1287185 -0.33690906 0.5493266 0.098545805 0.018266894 -0.6317339 -0.47621775 -0.00042144465 0.009597192 -1.0966945 0.46255252 0.7489033
1.1214793 -0.3358484 0.56129605 0.09764245 0.011248745 -0.6289959 -0.47581783 -0.00018433458 0.009581933 -1.0997229 0.45583192 0.7463017
1.1109635 -0.33424348 0.5736361 0.09360674 0.00057913363 -0.6248804 -0.4752735 0.00014374987 0.009449588 -1.1066481 0.44457927 0.7443236
1.0999966 -0.3330317 0.5843213 0.084763035 -0.009428479 -0.6202697 -0.4747874 0.00038268953 0.0092222635 -1.1125417 0.4323096 0.7433642
1.0862482 -0.33192748 0.5924116 0.06977764 -0.02354467 -0.616657 -0.47419184 0.0007530649 0.008985752 -1.1171794 0.41900256 0.7415755
1.0711946 -0.3298301 0.59830534 0.05262588 -0.033980835 -0.6131457 -0.47344646 0.0012638101 0.008749457 -1.1228235 0.4086314 0.7393075
1.0567837 -0.32193148 0.6029894 0.035233438 -0.043890193 -0.60740715 -0.47278383 0.0017755025 0.008396799 -1.1263801 0.3982678 0.736061
1.0423245 -0.3096295 0.6080086 0.022283852 -0.05494729 -0.6002651 -0.47217333 0.0022445682 0.007877151 -1.1294724 0.38793898 0.7331384
1.029078 -0.29752165 0.6124805 0.009052649 -0.06806344 -0.5919581 -0.47146502 0.002665403 0.0073752757 -1.1317266 0.37687272 0.7288589
1.0164038 -0.27736533 0.6156086 -0.0014567226 -0.081454486 -0.57808954 -0.47086003 0.0031381075 0.0065999124 -1.127545 0.36149222 0.72558355
1.0070171 -0.2607789 0.6198937 -0.014929935 -0.094643235 -0.56666005 -0.4702594 0.0034875267 0.0058526825 -1.1206316 0.34352818 0.7236841
0.995516 -0.25015253 0.6291949 -0.03329216 -0.10879482 -0.55452937 -0.46914297 0.00407413 0.0055395793 -1.1152297 0.32596785 0.7241693
0.9725662 -0.25705296 0.6428158 -0.04811935 -0.12628318 -0.5433686 -0.46818316 0.00474321 0.0050334763 -1.0985674 0.30909243 0.72505295
0.93960506 -0.27190775 0.65855294 -0.060150027 -0.1405735 -0.5287899 -0.46743593 0.0055090366 0.004432548 -1.0795319 0.29955795 0.7210576
0.90416175 -0.29827273 0.67307156 -0.07716909 -0.16015401 -0.5185616 -0.46662477 0.006478248 0.0037842225 -1.059342 0.29296848 0.7153127
0.8663878 -0.33338767 0.68307745 -0.088434845 -0.1930469 -0.5047394 -0.46551168 0.0073790634 0.0030765515 -1.0406251 0.28832358 0.7103808
0.8336279 -0.36181056 0.6949145 -0.08905397 -0.22921354 -0.48892552 -0.46409962 0.008079054 0.002431929 -1.0302037 0.28669038 0.70573
0.80966944 -0.38338804 0.70932144 -0.08467646 -0.2577682 -0.47700483 -0.46265864 0.008779738 0.0014120284 -1.0223719 0.28523016 0.7034723
0.78592014 -0.40699303 0.72558105 -0.08450653 -0.27977806 -0.46619043 -0.46129423 0.009796049 7.240102e-05 -1.0101342 0.27839863 0.70697284
0.75308347 -0.4258535 0.7388121 -0.08479558 -0.29932225 -0.45254079 -0.45965973 0.010934163 -0.00092558376 -1.002149 0.2712103 0.7119962
0.72409886 -0.4431094 0.7478637 -0.08997293 -0.30804083 -0.4454336 -0.4581001 0.0119956955 -0.0017935205 -0.9930396 0.2653115 0.7172791
0.6927314 -0.46170324 0.7541751 -0.09965904 -0.31049514 -0.44324148 -0.4562327 0.013315136 -0.0026844777 -0.97750676 0.2568529 0.72045344
0.6595705 -0.47525585 0.7596457 -0.110407576 -0.30902973 -0.44585487 -0.45435327 0.0146284085 -0.0033474974 -0.96239007 0.248858 0.7247598
0.6237564 -0.48365307 0.76367813 -0.120250255 -0.30894402 -0.44560015 -0.45232683 0.016124986 -0.004277546 -0.9383687 0.23428589 0.73220515
0.58872354 -0.49171388 0.7560039 -0.12483312 -0.29558253 -0.44660616 -0.4506275 0.017382817 -0.005383374 -0.9130771 0.2186611 0.7373846
0.55205053 -0.49822342 0.7460271 -0.13087001 -0.27189514 -0.4441997 -0.4490242 0.018406449 -0.0064926352 -0.8728883 0.21018809 0.7413688
0.51844865 -0.49214184 0.74220544 -0.1397512 -0.25800377 -0.43416125 -0.44797707 0.019182501 -0.0077186413 -0.8249557 0.20358506 0.7474109
0.48405784 -0.48490274 0.74163896 -0.1522466 -0.24553904 -0.42205322 -0.44697773 0.020052131 -0.009013819 -0.7679707 0.20143014 0.7512181
0.45353937 -0.47847062 0.7416195 -0.16385135 -0.23751664 -0.40188593 -0.44613242 0.020793514 -0.010355955 -0.71200097 0.20121795 0.75313723
0.42568916 -0.46960056 0.73821944 -0.17672884 -0.22827142 -0.3854552 -0.44537044 0.021134987 -0.011806318 -0.66554725 0.20410973 0.7562182
0.4008155 -0.45941466 0.7330709 -0.18125227 -0.21875998 -0.3781765 -0.44497445 0.021158865 -0.013378955 -0.6141385 0.20685998 0.7582797
0.37309638 -0.4404856 0.7254985 -0.18058836 -0.20230994 -0.3714456 -0.44477215 0.021281265 -0.015221596 -0.55648094 0.20668757 0.7585387
0.34983194 -0.42368102 0.71347684 -0.18041834 -0.17656916 -0.3691131 -0.44479162 0.021374697 -0.016894374 -0.49286014 0.2061482 0.75942445
0.32642344 -0.4120854 0.6991918 -0.17999566 -0.14970306 -0.3705192 -0.4447803 0.021291815 -0.018349621 -0.42847547 0.20647249 0.7613443
0.30412745 -0.40529537 0.68481445 -0.18313083 -0.123611026 -0.37097332 -0.4449996 0.02094348 -0.020106869 -0.35778573 0.20575386 0.7626664
0.28256086 -0.40019506 0.66422266 -0.1827997 -0.09878086 -0.37215313 -0.44545457 0.020522932 -0.022086816 -0.28660724 0.20256153 0.7606115
0.26249644 -0.39557654 0.63469684 -0.18053995 -0.07066101 -0.37494022 -0.4463267 0.01992102 -0.024340084 -0.19833985 0.19819957 0.75906974
0.24274608 -0.38797283 0.60773253 -0.18190649 -0.040483028 -0.37495697 -0.44743326 0.01935611 -0.026778108 -0.10314867 0.19144818 0.75895417
0.21960422 -0.3798368 0.58643776 -0.17973638 -0.01081159 -0.37419677 -0.44914025 0.018822974 -0.029518286 0.013569087 0.1895687 0.7591506
0.19697669 -0.37028998 0.55935276 -0.17579919 0.015939683 -0.3729515 -0.4512481 0.018112848 -0.032424286 0.13106558 0.18496093 0.75780505
0.16878906 -0.3589139 0.53483623 -0.17300254 0.042554133 -0.36879727 -0.4533801 0.017249683 -0.03541658 0.23464623 0.17485073 0.75663906
0.13419515 -0.35139847 0.50707275 -0.17839952 0.07002201 -0.3685305 -0.45561174 0.016276615 -0.0387479 0.35398182 0.16259333 0.7526686
0.10023465 -0.343172 0.48134977 -0.18652278 0.08948654 -0.37105203 -0.45810956 0.015124554 -0.042472072 0.48541865 0.1500313 0.74953663
0.06737607 -0.3413208 0.4581437 -0.19817469 0.10038219 -0.3742712 -0.46093416 0.01396732 -0.046891604 0.619926 0.1402213 0.75011873
0.03486947 -0.34041208 0.42907453 -0.20476592 0.10681756 -0.37466416 -0.46461225 0.012753237 -0.052036405 0.7509934 0.12754229 0.7549747
0.010515191 -0.3395821 0.40876922 -0.20272979 0.11090732 -0.38508856 -0.46856835 0.0117044775 -0.057684086 0.87327147 0.11728885 0.76256657
-0.0076367036 -0.33371747 0.3863239 -0.20845273 0.11249853 -0.38520595 -0.4728435 0.011041936 -0.06459033 0.98478866 0.09894652 0.77527034
-0.021340623 -0.32670838 0.36874264 -0.21711735 0.11086812 -0.3780691 -0.4771019 0.010272132 -0.07104528 1.0960519 0.09293396 0.78859526
-0.037571803 -0.3286826 0.35505155 -0.23212926 0.11436092 -0.37075585 -0.48125958 0.0090360055 -0.07673208 1.1975257 0.08932965 0.7980142
-0.0632557 -0.3308884 0.34212732 -0.24365659 0.11606509 -0.36206743 -0.48518986 0.008152414 -0.08189564 1.2753257 0.0848505 0.80370224
-0.09038627 -0.33947504 0.33160374 -0.24774413 0.11230334 -0.35301945 -0.48941103 0.0071767885 -0.087081924 1.3250704 0.076412134 0.8082291
-0.11318525 -0.34339345 0.32416895 -0.2488123 0.10780144 -0.3436029 -0.49360612 0.006296912 -0.091966234 1.3527279 0.07182232 0.8129123
-0.13454379 -0.34556514 0.32111892 -0.25045305 0.09911468 -0.33862066 -0.49760383 0.0053455783 -0.09657815 1.3715458 0.06628897 0.82181656
-0.15143281 -0.34155107 0.32044405 -0.24610868 0.08980713 -0.3319374 -0.50103503 0.00425901 -0.099741444 1.3776922 0.06491753 0.82873887
-0.16807248 -0.3348776 0.32032153 -0.24288824 0.08023751 -0.32660443 -0.503885 0.0032663418 -0.10224325 1.3788602 0.062487848 0.83342457
-0.18434094 -0.33198547 0.3230949 -0.23642685 0.07236955 -0.31927717 -0.5057387 0.0024049326 -0.10311539 1.3717552 0.06255918 0.835486
-0.19387102 -0.33070672 0.33149683 -0.22916022 0.06602835 -0.30978343 -0.50737166 0.001539828 -0.10235218 1.3423595 0.06460529 0.83429444
-0.1932069 -0.32632953 0.3466467 -0.22108117 0.061863147 -0.2982431 -0.5082196 0.0008483215 -0.09988365 1.3015355 0.06984501 0.82868886
-0.19382063 -0.31970167 0.36292616 -0.21391857 0.06197547 -0.28667754 -0.5090315 -0.00026213122 -0.09642447 1.2458258 0.07781375 0.81673664
-0.18933603 -0.30991912 0.36395186 -0.2000475 0.06266487 -0.26834443 -0.50900936 -0.0015284375 -0.09152477 1.1660681 0.086247675 0.8035208
-0.17849389 -0.28832334 0.36164498 -0.18144318 0.064634874 -0.25188094 -0.5080446 -0.0022971614 -0.08620996 1.0924354 0.09208987 0.7928364
-0.16570017 -0.26401913 0.3572265 -0.16089624 0.06432899 -0.24053672 -0.5068384 -0.002969688 -0.080706954 1.013108 0.096244685 0.78196037
-0.14995006 -0.23918988 0.35151026 -0.13933471 0.062338047 -0.22589156 -0.5047649 -0.0037474637 -0.07437132 0.92293966 0.10476995 0.7763567
-0.13218603 -0.21545193 0.34172785 -0.11173452 0.055629663 -0.20636928 -0.5015218 -0.004287475 -0.06648137 0.804525 0.11526478 0.76802826
-0.11648312 -0.1950997 0.32763752 -0.0839697 0.054650858 -0.18563566 -0.4982576 -0.005276586 -0.058607355 0.66574764 0.11849273 0.7588313
-0.10272585 -0.1773913 0.30835694 -0.0522932 0.05762171 -0.16061047 -0.49502665 -0.0064169113 -0.049426194 0.48856154 0.11513973 0.75114316
-0.09117975 -0.15810755 0.2934042 -0.021775007 0.058316194 -0.14545983 -0.49173748 -0.007826933 -0.03973592 0.30089417 0.10083831 0.7418363
-0.07267494 -0.13073786 0.2760188 0.013999678 0.050953142 -0.13063192 -0.489349 -0.009681838 -0.030741518 0.10747525 0.082241125 0.73838806
-0.03616174 -0.09268091 0.2460134 0.029167414 0.045223653 -0.114040874 -0.48740515 -0.012163546 -0.019938335 -0.12414661 0.05839651 0.7421539
-0.002049148 -0.053995956 0.21587376 0.03229037 0.026405163 -0.088554434 -0.48613217 -0.015040793 -0.011142852 -0.30513948 0.040102698 0.7502945
0.021233395 -0.025662975 0.19498265 0.033507966 0.014559643 -0.06374509 -0.48393375 -0.017364694 -0.004701784 -0.40367538 0.033196397 0.7583293
0.037031703 -0.002203513 0.16699325 0.024832755 0.007838473 -0.04305075 -0.48261902 -0.021186521 -0.00040008314 -0.46720317 0.033237956 0.7654538
0.04222464 0.008943614 0.14171669 0.0095321685 3.7238002e-05 -0.0315264 -0.48482803 -0.024957882 0.0001685936 -0.5172884 0.034007855 0.7636946
0.04471945 0.0118887015 0.122163475 -0.0029822811 0.0046922322 -0.026578639 -0.48657918 -0.027185202 0.0013486072 -0.564995 0.04465694 0.76175606
0.054498695 0.015845161 0.117256775 -0.017725259 0.016044252 -0.024990775 -0.4874139 -0.03105152 0.0047069136 -0.5979513 0.06586752 0.7617005
0.06337192 0.015987363 0.12614855 -0.01450038 0.022081546 -0.033268847 -0.4862031 -0.02974697 0.008235516 -0.6104617 0.075846635 0.76349765
0.06638489 0.021167338 0.12660033 -0.013159774 0.024048004 -0.033841006 -0.48673034 -0.029853074 0.009226194 -0.61265075 0.085398205 0.7667817
0.06776621 0.026712507 0.12267068 -0.011818834 0.021719195 -0.030414522 -0.4880833 -0.031183457 0.009014325 -0.60667044 0.08681873 0.7706242
0.06927908 0.029898733 0.115240335 -0.009127885 0.017243294 -0.027660545 -0.49019614 -0.033272084 0.008535245 -0.5970438 0.086257495 0.77680874
0.06982871 0.031464472 0.10734475 -0.004988566 0.011145145 -0.025793873 -0.4921387 -0.03529442 0.007849606 -0.5857327 0.08404077 0.7848085
0.07132647 0.034286276 0.10145478 -0.0010282844 0.007140482 -0.025223542 -0.49382696 -0.03645689 0.007500736 -0.57535934 0.07988616 0.7952777
0.07067191 0.034152173 0.09950086 0.0027803108 0.005068252 -0.0255238 -0.49437702 -0.03692353 0.0074096527 -0.57051694 0.078128226 0.8009548
0.07002803 0.03349001 0.099910654 0.0053156763 0.0051258206 -0.026591402 -0.49426448 -0.036835473 0.007697141 -0.56934637 0.07787759 0.80205905
0.07002803 0.03349001 0.099910654 0.0053156763 0.0051258206 -0.026591402 -0.49426448 -0.036835473 0.007697141 -0.56934637 0.07787759 0.80205905
0.07002803 0.03349001 0.099910654 0.0053156763 0.0051258206 -0.026591402 -0.49426448 -0.036835473 0.007697141 -0.56934637 0.07787759 0.80205905
0.07002803 0.03349001 0.099910654 0.0053156763 0.0051258206 -0.026591402 -0.49426448 -0.036835473 0.007697141 -0.56934637 0.07787759 0.80205905
0.07002803 0.03349001 0.099910654 0.0053156763 0.0051258206 -0.026591402 -0.49426448 -0.036835473 0.007697141 -0.56934637 0.07787759 0.80205905
0.07002803 0.03349001 0.099910654 0.0053156763 0.0051258206 -0.026591402 -0.49426448 -0.036835473 0.007697141 -0.56934637 0.07787759 0.80205905
0.07002803 0.03349001 0.099910654 0.0053156763 0.0051258206 -0.026591402 -0.49426448 -0.036835473 0.007697141 -0.56934637 0.07787759 0.80205905
0.07002803 0.03349001 0.099910654 0.0053156763 0.0051258206 -0.026591402 -0.49426448 -0.036835473 0.007697141 -0.56934637 0.07787759 0.80205905
0.07002803 0.03349001 0.099910654 0.0053156763 0.0051258206 -0.026591402 -0.49426448 -0.036835473 0.007697141 -0.56934637 0.07787759 0.80205905
0.07002803 0.03349001 0.099910654 0.0053156763 0.0051258206 -0.026591402 -0.49426448 -0.036835473 0.007697141 -0.56934637 0.07787759 0.80205905
0.07002803 0.03349001 0.099910654 0.0053156763 0.0051258206 -0.026591402 -0.49426448 -0.036835473 0.007697141 -0.56934637 0.07787759 0.80205905
0.07002803 0.03349001 0.099910654 0.0053156763 0.0051258206 -0.026591402 -0.49426448 -0.036835473 0.007697141 -0.56934637 0.07787759 0.80205905
0.07002803 0.03349001 0.099910654 0.0053156763 0.0051258206 -0.026591402 -0.49426448 -0.036835473 0.007697141 -0.56934637 0.07787759 0.80205905
0.07002803 0.03349001 0.099910654 0.0053156763 0.0051258206 -0.026591402 -0.49426448 -0.036835473 0.007697141 -0.56934637 0.07787759 0.80205905
0.07002803 0.03349001 0.099910654 0.0053156763 0.0051258206 -0.026591402 -0.49426448 -0.036835473 0.007697141 -0.56934637 0.07787759 0.80205905
0.07002803 0.03349001 0.099910654 0.0053156763 0.0051258206 -0.026591402 -0.49426448 -0.036835473 0.007697141 -0.56934637 0.07787759 0.80205905
0.07002803 0.03349001 0.099910654 0.0053156763 0.0051258206 -0.026591402 -0.49426448 -0.036835473 0.007697141 -0.56934637 0.07787759 0.80205905
0.07002803 0.03349001 0.099910654 0.0053156763 0.0051258206 -0.026591402 -0.49426448 -0.036835473 0.007697141 -0.56934637 0.07787759 0.80205905
0.07002803 0.03349001 0.099910654 0.0053156763 0.0051258206 -0.026591402 -0.49426448 -0.036835473 0.007697141 -0.56934637 0.07787759 0.80205905
0.07002803 0.03349001 0.099910654 0.0053156763 0.0051258206 -0.026591402 -0.49426448 -0.036835473 0.007697141 -0.56934637 0.07787759 0.80205905
0.07002803 0.03349001 0.099910654 0.0053156763 0.0051258206 -0.026591402 -0.49426448 -0.036835473 0.007697141 -0.56934637 0.07787759 0.80205905
0.07002803 0.03349001 0.099910654 0.0053156763 0.0051258206 -0.026591402 -0.49426448 -0.036835473 0.007697141 -0.56934637 0.07787759 0.80205905
0.07002803 0.03349001 0.099910654 0.0053156763 0.0051258206 -0.026591402 -0.49426448 -0.036835473 0.007697141 -0.56934637 0.07787759 0.80205905
0.07002803 0.03349001 0.099910654 0.0053156763 0.0051258206 -0.026591402 -0.49426448 -0.036835473 0.007697141 -0.56934637 0.07787759 0.80205905
0.07002803 0.03349001 0.099910654 0.0053156763 0.0051258206 -0.026591402 -0.49426448 -0.036835473 0.007697141 -0.56934637 0.07787759 0.80205905
0.07002803 0.03349001 0.099910654 0.0053156763 0.0051258206 -0.026591402 -0.49426448 -0.036835473 0.007697141 -0.56934637 0.07787759 0.80205905
0.07002803 0.03349001 0.099910654 0.0053156763 0.0051258206 -0.026591402 -0.49426448 -0.036835473 0.007697141 -0.56934637 0.07787759 0.80205905
0.07002803 0.03349001 0.099910654 0.0053156763 0.0051258206 -0.026591402 -0.49426448 -0.036835473 0.007697141 -0.56934637 0.07787759 0.80205905
0.07002803 0.03349001 0.099910654 0.0053156763 0.0051258206 -0.026591402 -0.49426448 -0.036835473 0.007697141 -0.56934637 0.07787759 0.80205905
0.07002803 0.03349001 0.099910654 0.0053156763 0.0051258206 -0.026591402 -0.49426448 -0.036835473 0.007697141 -0.56934637 0.07787759 0.80205905
0.07002803 0.03349001 0.099910654 0.0053156763 0.0051258206 -0.026591402 -0.49426448 -0.036835473 0.007697141 -0.56934637 0.07787759 0.80205905
0.07002803 0.03349001 0.099910654 0.0053156763 0.0051258206 -0.026591402 -0.49426448 -0.036835473 0.007697141 -0.56934637 0.07787759 0.80205905
0.07002803 0.03349001 0.099910654 0.0053156763 0.0051258206 -0.026591402 -0.49426448 -0.036835473 0.007697141 -0.56934637 0.07787759 0.80205905
0.07002803 0.03349001 0.099910654 0.0053156763 0.0051258206 -0.026591402 -0.49426448 -0.036835473 0.007697141 -0.56934637 0.07787759 0.80205905
0.07002803 0.03349001 0.099910654 0.0053156763 0.0051258206 -0.026591402 -0.49426448 -0.036835473 0.007697141 -0.56934637 0.07787759 0.80205905
0.07002803 0.03349001 0.099910654 0.0053156763 0.0051258206 -0.026591402 -0.49426448 -0.036835473 0.007697141 -0.56934637 0.07787759 0.80205905
0.07002803 0.03349001 0.099910654 0.0053156763 0.0051258206 -0.026591402 -0.49426448 -0.036835473 0.007697141 -0.56934637 0.07787759 0.80205905
0.07002803 0.03349001 0.099910654 0.0053156763 0.0051258206 -0.026591402 -0.49426448 -0.036835473 0.007697141 -0.56934637 0.07787759 0.80205905
0.07002803 0.03349001 0.099910654 0.0053156763 0.0051258206 -0.026591402 -0.49426448 -0.036835473 0.007697141 -0.56934637 0.07787759 0.80205905
0.07002803 0.03349001 0.099910654 0.0053156763 0.0051258206 -0.026591402 -0.49426448 -0.036835473 0.007697141 -0.56934637 0.07787759 0.80205905
0.07002803 0.03349001 0.099910654 0.0053156763 0.0051258206 -0.026591402 -0.49426448 -0.036835473 0.007697141 -0.56934637 0.07787759 0.80205905
0.07002803 0.03349001 0.099910654 0.0053156763 0.0051258206 -0.026591402 -0.49426448 -0.036835473 0.007697141 -0.56934637 0.07787759 0.80205905
0.07002803 0.03349001 0.099910654 0.0053156763 0.0051258206 -0.026591402 -0.49426448 -0.036835473 0.007697141 -0.56934637 0.07787759 0.80205905
0.07002803 0.03349001 0.099910654 0.0053156763 0.0051258206 -0.026591402 -0.49426448 -0.036835473 0.007697141 -0.56934637 0.07787759 0.80205905
0.07002803 0.03349001 0.099910654 0.0053156763 0.0051258206 -0.026591402 -0.49426448 -0.036835473 0.007697141 -0.56934637 0.07787759 0.80205905
0.07002803 0.03349001 0.099910654 0.0053156763 0.0051258206 -0.026591402 -0.49426448 -0.036835473 0.007697141 -0.56934637 0.07787759 0.80205905
0.07002803 0.03349001 0.099910654 0.0053156763 0.0051258206 -0.026591402 -0.49426448 -0.036835473 0.007697141 -0.56934637 0.07787759 0.80205905
0.07002803 0.03349001 0.099910654 0.0053156763 0.0051258206 -0.026591402 -0.49426448 -0.036835473 0.007697141 -0.56934637 0.07787759 0.80205905
0.07002803 0.03349001 0.099910654 0.0053156763 0.0051258206 -0.026591402 -0.49426448 -0.036835473 0.007697141 -0.56934637 0.07787759 0.80205905
0.07002803 0.03349001 0.099910654 0.0053156763 0.0051258206 -0.026591402 -0.49426448 -0.036835473 0.007697141 -0.56934637 0.07787759 0.80205905
0.07002803 0.03349001 0.099910654 0.0053156763 0.0051258206 -0.026591402 -0.49426448 -0.036835473 0.007697141 -0.56934637 0.07787759 0.80205905
0.07002803 0.03349001 0.099910654 0.0053156763 0.0051258206 -0.026591402 -0.49426448 -0.036835473 0.007697141 -0.56934637 0.07787759 0.80205905
0.07002803 0.03349001 0.099910654 0.0053156763 0.0051258206 -0.026591402 -0.49426448 -0.036835473 0.007697141 -0.56934637 0.07787759 0.80205905
0.07002803 0.03349001 0.099910654 0.0053156763 0.0051258206 -0.026591402 -0.49426448 -0.036835473 0.007697141 -0.56934637 0.07787759 0.80205905
0.07002803 0.03349001 0.099910654 0.0053156763 0.0051258206 -0.026591402 -0.49426448 -0.036835473 0.007697141 -0.56934637 0.07787759 0.80205905
0.07002803 0.03349001 0.099910654 0.0053156763 0.0051258206 -0.026591402 -0.49426448 -0.036835473 0.007697141 -0.56934637 0.07787759 0.80205905
0.07002803 0.03349001 0.099910654 0.0053156763 0.0051258206 -0.026591402 -0.49426448 -0.036835473 0.007697141 -0.56934637 0.07787759 0.80205905
0.07002803 0.03349001 0.099910654 0.0053156763 0.0051258206 -0.026591402 -0.49426448 -0.036835473 0.007697141 -0.56934637 0.07787759 0.80205905
0.07002803 0.03349001 0.099910654 0.0053156763 0.0051258206 -0.026591402 -0.49426448 -0.036835473 0.007697141 -0.56934637 0.07787759 0.80205905
0.07002803 0.03349001 0.099910654 0.0053156763 0.0051258206 -0.026591402 -0.49426448 -0.036835473 0.007697141 -0.56934637 0.07787759 0.80205905
0.07002803 0.03349001 0.099910654 0.0053156763 0.0051258206 -0.026591402 -0.49426448 -0.036835473 0.007697141 -0.56934637 0.07787759 0.80205905
0.07002803 0.03349001 0.099910654 0.0053156763 0.0051258206 -0.026591402 -0.49426448 -0.036835473 0.007697141 -0.56934637 0.07787759 0.80205905
0.07002803 0.03349001 0.099910654 0.0053156763 0.0051258206 -0.026591402 -0.49426448 -0.036835473 0.007697141 -0.56934637 0.07787759 0.80205905
0.07002803 0.03349001 0.099910654 0.0053156763 0.0051258206 -0.026591402 -0.49426448 -0.036835473 0.007697141 -0.56934637 0.07787759 0.80205905
0.07002803 0.03349001 0.099910654 0.0053156763 0.0051258206 -0.026591402 -0.49426448 -0.036835473 0.007697141 -0.56934637 0.07787759 0.80205905
0.07002803 0.03349001 0.099910654 0.0053156763 0.0051258206 -0.026591402 -0.49426448 -0.036835473 0.007697141 -0.56934637 0.07787759 0.80205905
0.07002803 0.03349001 0.099910654 0.0053156763 0.0051258206 -0.026591402 -0.49426448 -0.036835473 0.007697141 -0.56934637 0.07787759 0.80205905
0.07002803 0.03349001 0.099910654 0.0053156763 0.0051258206 -0.026591402 -0.49426448 -0.036835473 0.007697141 -0.56934637 0.07787759 0.80205905
0.07002803 0.03349001 0.099910654 0.0053156763 0.0051258206 -0.026591402 -0.49426448 -0.036835473 0.007697141 -0.56934637 0.07787759 0.80205905
0.07002803 0.03349001 0.099910654 0.0053156763 0.0051258206 -0.026591402 -0.49426448 -0.036835473 0.007697141 -0.56934637 0.07787759 0.80205905
0.07002803 0.03349001 0.099910654 0.0053156763 0.0051258206 -0.026591402 -0.49426448 -0.036835473 0.007697141 -0.56934637 0.07787759 0.80205905
0.07002803 0.03349001 0.099910654 0.0053156763 0.0051258206 -0.026591402 -0.49426448 -0.036835473 0.007697141 -0.56934637 0.07787759 0.80205905
0.07002803 0.03349001 0.099910654 0.0053156763 0.0051258206 -0.026591402 -0.49426448 -0.036835473 0.007697141 -0.56934637 0.07787759 0.80205905
0.07002803 0.03349001 0.099910654 0.0053156763 0.0051258206 -0.026591402 -0.49426448 -0.036835473 0.007697141 -0.56934637 0.07787759 0.80205905
0.07002803 0.03349001 0.099910654 0.0053156763 0.0051258206 -0.026591402 -0.49426448 -0.036835473 0.007697141 -0.56934637 0.07787759 0.80205905
0.07002803 0.03349001 0.099910654 0.0053156763 0.0051258206 -0.026591402 -0.49426448 -0.036835473 0.007697141 -0.56934637 0.07787759 0.80205905
0.07002803 0.03349001 0.099910654 0.0053156763 0.0051258206 -0.026591402 -0.49426448 -0.036835473 0.007697141 -0.56934637 0.07787759 0.80205905
0.07002803 0.03349001 0.099910654 0.0053156763 0.0051258206 -0.026591402 -0.49426448 -0.036835473 0.007697141 -0.56934637 0.07787759 0.80205905
0.07002803 0.03349001 0.099910654 0.0053156763 0.0051258206 -0.026591402 -0.49426448 -0.036835473 0.007697141 -0.56934637 0.07787759 0.80205905
0.07002803 0.03349001 0.099910654 0.0053156763 0.0051258206 -0.026591402 -0.49426448 -0.036835473 0.007697141 -0.56934637 0.07787759 0.80205905
0.07002803 0.03349001 0.099910654 0.0053156763 0.0051258206 -0.026591402 -0.49426448 -0.036835473 0.007697141 -0.56934637 0.07787759 0.80205905
0.07002803 0.03349001 0.099910654 0.0053156763 0.0051258206 -0.026591402 -0.49426448 -0.036835473 0.007697141 -0.56934637 0.07787759 0.80205905
0.07002803 0.03349001 0.099910654 0.0053156763 0.0051258206 -0.026591402 -0.49426448 -0.036835473 0.007697141 -0.56934637 0.07787759 0.80205905
0.07002803 0.03349001 0.099910654 0.0053156763 0.0051258206 -0.026591402 -0.49426448 -0.036835473 0.007697141 -0.56934637 0.07787759 0.80205905
0.07002803 0.03349001 0.099910654 0.0053156763 0.0051258206 -0.026591402 -0.49426448 -0.036835473 0.007697141 -0.56934637 0.07787759 0.80205905
0.07002803 0.03349001 0.099910654 0.0053156763 0.0051258206 -0.026591402 -0.49426448 -0.036835473 0.007697141 -0.56934637 0.07787759 0.80205905
0.07002803 0.03349001 0.099910654 0.0053156763 0.0051258206 -0.026591402 -0.49426448 -0.036835473 0.007697141 -0.56934637 0.07787759 0.80205905
0.07002803 0.03349001 0.099910654 0.0053156763 0.0051258206 -0.026591402 -0.49426448 -0.036835473 0.007697141 -0.56934637 0.07787759 0.80205905
0.07002803 0.03349001 0.099910654 0.0053156763 0.0051258206 -0.026591402 -0.49426448 -0.036835473 0.007697141 -0.56934637 0.07787759 0.80205905
0.07002803 0.03349001 0.099910654 0.0053156763 0.0051258206 -0.026591402 -0.49426448 -0.036835473 0.007697141 -0.56934637 0.07787759 0.80205905
0.07002803 0.03349001 0.099910654 0.0053156763 0.0051258206 -0.026591402 -0.49426448 -0.036835473 0.007697141 -0.56934637 0.07787759 0.80205905
0.07002803 0.03349001 0.099910654 0.0053156763 0.0051258206 -0.026591402 -0.49426448 -0.036835473 0.007697141 -0.56934637 0.07787759 0.80205905
0.07002803 0.03349001 0.099910654 0.0053156763 0.0051258206 -0.026591402 -0.49426448 -0.036835473 0.007697141 -0.56934637 0.07787759 0.80205905
0.07002803 0.03349001 0.099910654 0.0053156763 0.0051258206 -0.026591402 -0.49426448 -0.036835473 0.007697141 -0.56934637 0.07787759 0.80205905
0.07002803 0.03349001 0.099910654 0.0053156763 0.0051258206 -0.026591402 -0.49426448 -0.036835473 0.007697141 -0.56934637 0.07787759 0.80205905
0.07002803 0.03349001 0.099910654 0.0053156763 0.0051258206 -0.026591402 -0.49426448 -0.036835473 0.007697141 -0.56934637 0.07787759 0.80205905
0.07002803 0.03349001 0.099910654 0.0053156763 0.0051258206 -0.026591402 -0.49426448 -0.036835473 0.007697141 -0.56934637 0.07787759 0.80205905
0.07002803 0.03349001 0.099910654 0.0053156763 0.0051258206 -0.026591402 -0.49426448 -0.036835473 0.007697141 -0.56934637 0.07787759 0.80205905
0.07002803 0.03349001 0.099910654 0.0053156763 0.0051258206 -0.026591402 -0.49426448 -0.036835473 0.007697141 -0.56934637 0.07787759 0.80205905
0.07002803 0.03349001 0.099910654 0.0053156763 0.0051258206 -0.026591402 -0.49426448 -0.036835473 0.007697141 -0.56934637 0.07787759 0.80205905
0.07002803 0.03349001 0.099910654 0.0053156763 0.0051258206 -0.026591402 -0.49426448 -0.036835473 0.007697141 -0.56934637 0.07787759 0.80205905
0.07002803 0.03349001 0.099910654 0.0053156763 0.0051258206 -0.026591402 -0.49426448 -0.036835473 0.007697141 -0.56934637 0.07787759 0.80205905
0.07002803 0.03349001 0.099910654 0.0053156763 0.0051258206 -0.026591402 -0.49426448 -0.036835473 0.007697141 -0.56934637 0.07787759 0.80205905
0.07002803 0.03349001 0.099910654 0.0053156763 0.0051258206 -0.026591402 -0.49426448 -0.036835473 0.007697141 -0.56934637 0.07787759 0.80205905
0.07002803 0.03349001 0.099910654 0.0053156763 0.0051258206 -0.026591402 -0.49426448 -0.036835473 0.007697141 -0.56934637 0.07787759 0.80205905
0.07002803 0.03349001 0.099910654 0.0053156763 0.0051258206 -0.026591402 -0.49426448 -0.036835473 0.007697141 -0.56934637 0.07787759 0.80205905
0.07002803 0.03349001 0.099910654 0.0053156763 0.0051258206 -0.026591402 -0.49426448 -0.036835473 0.007697141 -0.56934637 0.07787759 0.80205905
0.07002803 0.03349001 0.099910654 0.0053156763 0.0051258206 -0.026591402 -0.49426448 -0.036835473 0.007697141 -0.56934637 0.07787759 0.80205905
0.07002803 0.03349001 0.099910654 0.0053156763 0.0051258206 -0.026591402 -0.49426448 -0.036835473 0.007697141 -0.56934637 0.07787759 0.80205905
0.07002803 0.03349001 0.099910654 0.0053156763 0.0051258206 -0.026591402 -0.49426448 -0.036835473 0.007697141 -0.56934637 0.07787759 0.80205905
0.07002803 0.03349001 0.099910654 0.0053156763 0.0051258206 -0.026591402 -0.49426448 -0.036835473 0.007697141 -0.56934637 0.07787759 0.80205905
0.07002803 0.03349001 0.099910654 0.0053156763 0.0051258206 -0.026591402 -0.49426448 -0.036835473 0.007697141 -0.56934637 0.07787759 0.80205905
0.07002803 0.03349001 0.099910654 0.0053156763 0.0051258206 -0.026591402 -0.49426448 -0.036835473 0.007697141 -0.56934637 0.07787759 0.80205905
0.07002803 0.03349001 0.099910654 0.0053156763 0.0051258206 -0.026591402 -0.49426448 -0.036835473 0.007697141 -0.56934637 0.07787759 0.80205905
0.07002803 0.03349001 0.099910654 0.0053156763 0.0051258206 -0.026591402 -0.49426448 -0.036835473 0.007697141 -0.56934637 0.07787759 0.80205905
0.07002803 0.03349001 0.099910654 0.0053156763 0.0051258206 -0.026591402 -0.49426448 -0.036835473 0.007697141 -0.56934637 0.07787759 0.80205905
0.07002803 0.03349001 0.099910654 0.0053156763 0.0051258206 -0.026591402 -0.49426448 -0.036835473 0.007697141 -0.56934637 0.07787759 0.80205905
0.07002803 0.03349001 0.099910654 0.0053156763 0.0051258206 -0.026591402 -0.49426448 -0.036835473 0.007697141 -0.56934637 0.07787759 0.80205905
0.07002803 0.03349001 0.099910654 0.0053156763 0.0051258206 -0.026591402 -0.49426448 -0.036835473 0.007697141 -0.56934637 0.07787759 0.80205905
0.07002803 0.03349001 0.099910654 0.0053156763 0.0051258206 -0.026591402 -0.49426448 -0.036835473 0.007697141 -0.56934637 0.07787759 0.80205905
0.07002803 0.03349001 0.099910654 0.0053156763 0.0051258206 -0.026591402 -0.49426448 -0.036835473 0.007697141 -0.56934637 0.07787759 0.80205905
0.07002803 0.03349001 0.099910654 0.0053156763 0.0051258206 -0.026591402 -0.49426448 -0.036835473 0.007697141 -0.56934637 0.07787759 0.80205905
0.07002803 0.03349001 0.099910654 0.0053156763 0.0051258206 -0.026591402 -0.49426448 -0.036835473 0.007697141 -0.56934637 0.07787759 0.80205905
0.07002803 0.03349001 0.099910654 0.0053156763 0.0051258206 -0.026591402 -0.49426448 -0.036835473 0.007697141 -0.56934637 0.07787759 0.80205905
0.07002803 0.03349001 0.099910654 0.0053156763 0.0051258206 -0.026591402 -0.49426448 -0.036835473 0.007697141 -0.56934637 0.07787759 0.80205905
0.07002803 0.03349001 0.099910654 0.0053156763 0.0051258206 -0.026591402 -0.49426448 -0.036835473 0.007697141 -0.56934637 0.07787759 0.80205905
0.07002803 0.03349001 0.099910654 0.0053156763 0.0051258206 -0.026591402 -0.49426448 -0.036835473 0.007697141 -0.56934637 0.07787759 0.80205905
0.07002803 0.03349001 0.099910654 0.0053156763 0.0051258206 -0.026591402 -0.49426448 -0.036835473 0.007697141 -0.56934637 0.07787759 0.80205905
0.07002803 0.03349001 0.099910654 0.0053156763 0.0051258206 -0.026591402 -0.49426448 -0.036835473 0.007697141 -0.56934637 0.07787759 0.80205905
0.07002803 0.03349001 0.099910654 0.0053156763 0.0051258206 -0.026591402 -0.49426448 -0.036835473 0.007697141 -0.56934637 0.07787759 0.80205905
0.07002803 0.03349001 0.099910654 0.0053156763 0.0051258206 -0.026591402 -0.49426448 -0.036835473 0.007697141 -0.56934637 0.07787759 0.80205905
0.07002803 0.03349001 0.099910654 0.0053156763 0.0051258206 -0.026591402 -0.49426448 -0.036835473 0.007697141 -0.56934637 0.07787759 0.80205905
0.07002803 0.03349001 0.099910654 0.0053156763 0.0051258206 -0.026591402 -0.49426448 -0.036835473 0.007697141 -0.56934637 0.07787759 0.80205905
0.07002803 0.03349001 0.099910654 0.0053156763 0.0051258206 -0.026591402 -0.49426448 -0.036835473 0.007697141 -0.56934637 0.07787759 0.80205905
0.07002803 0.03349001 0.099910654 0.0053156763 0.0051258206 -0.026591402 -0.49426448 -0.036835473 0.007697141 -0.56934637 0.07787759 0.80205905
0.07002803 0.03349001 0.099910654 0.0053156763 0.0051258206 -0.026591402 -0.49426448 -0.036835473 0.007697141 -0.56934637 0.07787759 0.80205905
0.07002803 0.03349001 0.099910654 0.0053156763 0.0051258206 -0.026591402 -0.49426448 -0.036835473 0.007697141 -0.56934637 0.07787759 0.80205905
0.07002803 0.03349001 0.099910654 0.0053156763 0.0051258206 -0.026591402 -0.49426448 -0.036835473 0.007697141 -0.56934637 0.07787759 0.80205905
0.07002803 0.03349001 0.099910654 0.0053156763 0.0051258206 -0.026591402 -0.49426448 -0.036835473 0.007697141 -0.56934637 0.07787759 0.80205905
0.07002803 0.03349001 0.099910654 0.0053156763 0.0051258206 -0.026591402 -0.49426448 -0.036835473 0.007697141 -0.56934637 0.07787759 0.80205905
0.07002803 0.03349001 0.099910654 0.0053156763 0.0051258206 -0.026591402 -0.49426448 -0.036835473 0.007697141 -0.56934637 0.07787759 0.80205905
0.07002803 0.03349001 0.099910654 0.0053156763 0.0051258206 -0.026591402 -0.49426448 -0.036835473 0.007697141 -0.56934637 0.07787759 0.80205905
0.07002803 0.03349001 0.099910654 0.0053156763 0.0051258206 -0.026591402 -0.49426448 -0.036835473 0.007697141 -0.56934637 0.07787759 0.80205905
0.07002803 0.03349001 0.099910654 0.0053156763 0.0051258206 -0.026591402 -0.49426448 -0.036835473 0.007697141 -0.56934637 0.07787759 0.80205905
0.07002803 0.03349001 0.099910654 0.0053156763 0.0051258206 -0.026591402 -0.49426448 -0.036835473 0.007697141 -0.56934637 0.07787759 0.80205905
0.07002803 0.03349001 0.099910654 0.0053156763 0.0051258206 -0.026591402 -0.49426448 -0.036835473 0.007697141 -0.56934637 0.07787759 0.80205905
0.07002803 0.03349001 0.099910654 0.0053156763 0.0051258206 -0.026591402 -0.49426448 -0.036835473 0.007697141 -0.56934637 0.07787759 0.80205905
0.07002803 0.03349001 0.099910654 0.0053156763 0.0051258206 -0.026591402 -0.49426448 -0.036835473 0.007697141 -0.56934637 0.07787759 0.80205905
0.07002803 0.03349001 0.099910654 0.0053156763 0.0051258206 -0.026591402 -0.49426448 -0.036835473 0.007697141 -0.56934637 0.07787759 0.80205905
0.07002803 0.03349001 0.099910654 0.0053156763 0.0051258206 -0.026591402 -0.49426448 -0.036835473 0.007697141 -0.56934637 0.07787759 0.80205905
0.07002803 0.03349001 0.099910654 0.0053156763 0.0051258206 -0.026591402 -0.49426448 -0.036835473 0.007697141 -0.56934637 0.07787759 0.80205905
0.07002803 0.03349001 0.099910654 0.0053156763 0.0051258206 -0.026591402 -0.49426448 -0.036835473 0.007697141 -0.56934637 0.07787759 0.80205905
0.07002803 0.03349001 0.099910654 0.0053156763 0.0051258206 -0.026591402 -0.49426448 -0.036835473 0.007697141 -0.56934637 0.07787759 0.80205905
0.07002803 0.03349001 0.099910654 0.0053156763 0.0051258206 -0.026591402 -0.49426448 -0.036835473 0.007697141 -0.56934637 0.07787759 0.80205905
0.07002803 0.03349001 0.099910654 0.0053156763 0.0051258206 -0.026591402 -0.49426448 -0.036835473 0.007697141 -0.56934637 0.07787759 0.80205905
0.07002803 0.03349001 0.099910654 0.0053156763 0.0051258206 -0.026591402 -0.49426448 -0.036835473 0.007697141 -0.56934637 0.07787759 0.80205905
0.07002803 0.03349001 0.099910654 0.0053156763 0.0051258206 -0.026591402 -0.49426448 -0.036835473 0.007697141 -0.56934637 0.07787759 0.80205905
